Списки	0, 12, 0, 1
Список	0, 171, 0, 14
Спорт	0, 18, 0, 3
Спортивная	0, 9, 0, 2
Спутник	0, 15, 0, 4
Ср	0, 11, 0, 1
Сравнение	0, 28, 0, 1
Сражение	0, 19, 0, 2
Среди	0, 1533, 0, 4
Средиземного	0, 0, 0, 61
Средиземное	0, 3, 0, 16
Средиземном	0, 0, 0, 28
Средиземноморье	0, 0, 0, 19
Средиземноморья	0, 0, 0, 28
Средне	0, 5, 0, 16
Средневековье	0, 5, 0, 23
Средневековья	0, 0, 0, 48
Среднего	0, 2, 0, 40
Среднегодовая	0, 127, 0, 2
Среднее	0, 102, 0, 7
Средней	0, 2, 0, 66
Среднем	0, 0, 0, 17
Среднемесячная	0, 51, 0, 1
Среднерусской	0, 0, 0, 22
Средние	0, 84, 0, 47
Средний	0, 143, 0, 12
Средних	0, 3, 0, 11
Среднюю	0, 0, 0, 15
Средняя	0, 642, 0, 8
Средства	0, 30, 0, 1
Срезневский	0, 7, 0, 4
Ставка	0, 17, 0, 12
Ставки	0, 0, 0, 24
Ставку	0, 1, 0, 10
Ставрополь	0, 6, 0, 17
Ставропольского	0, 0, 0, 28
Ставропольской	0, 0, 0, 12
Ставрополя	0, 0, 0, 16
Стадион	0, 30, 0, 1
Сталин	0, 65, 0, 90
Сталина	0, 45, 0, 113
Сталинград	0, 1, 0, 10
Сталинградской	0, 0, 0, 19
Сталинских	0, 0, 0, 11
Сталинской	0, 0, 0, 17
Сталину	0, 12, 0, 36
Сталиным	0, 7, 0, 28
Стамбуле	0, 0, 0, 24
Стандарт	0, 46, 0, 2
Стандартная	0, 22, 0, 1
Стандартной	0, 0, 0, 26
Стандартный	0, 23, 0, 3
Станислав	0, 6, 0, 18
Станислава	0, 1, 0, 39
Станиславский	0, 9, 0, 8
Станиславского	0, 9, 0, 10
Станции	0, 10, 0, 1
Станция	0, 50, 0, 3
Старая	0, 22, 0, 26
Старого	0, 0, 0, 39
Старой	0, 1, 0, 29
Старом	0, 0, 0, 16
Старт	0, 18, 0, 2
Старшего	0, 0, 0, 17
Старший	0, 60, 0, 19
Старые	0, 30, 0, 1
Старый	0, 42, 0, 22
Статья	0, 111, 0, 8
Стейниц	0, 24, 0, 40
Стейница	0, 1, 0, 19
Стены	0, 22, 0, 5
Степан	0, 4, 0, 10
Степана	0, 0, 0, 16
Степанович	0, 0, 0, 25
Стефан	0, 3, 0, 17
Стефана	0, 4, 0, 39
Стив	0, 5, 0, 14
Стива	0, 0, 0, 11
Стивен	0, 8, 0, 11
Стирлинга	0, 0, 0, 17
Стоимость	0, 126, 0, 2
Стоит	0, 74, 0, 1
Стокгольме	0, 0, 0, 13
Столица	0, 155, 0, 2
Столкновения	0, 12, 0, 1
Столлман	0, 5, 0, 10
Столыпин	0, 25, 0, 30
Столыпина	0, 12, 0, 30
Сторожевой	0, 1, 0, 13
Страбон	0, 15, 0, 6
Стравинский	0, 6, 0, 8
Стравинского	0, 4, 0, 11
Страна	0, 135, 0, 1
Страны	0, 37, 0, 4
Страсбурге	0, 0, 0, 15
Стрекалов	0, 9, 0, 3
Строительство	0, 205, 0, 1
Струве	0, 16, 0, 3
Стругацких	0, 4, 0, 14
Стэнли	0, 3, 0, 37
Стюарт	0, 8, 0, 14
Су	0, 0, 0, 25
Суворов	0, 39, 0, 56
Суворова	0, 15, 0, 62
Суворову	0, 3, 0, 12
Суд	0, 34, 0, 61
Суда	0, 9, 0, 24
Судан	0, 7, 0, 20
Судана	0, 0, 0, 38
Судане	0, 0, 0, 18
Суданом	0, 0, 0, 11
Судебная	0, 29, 0, 1
Судей	0, 3, 0, 8
Судоходство	0, 18, 0, 1
Суздаль	0, 3, 0, 10
Суй	0, 1, 0, 13
Сулла	0, 9, 0, 14
Суллы	0, 0, 0, 13
Султан	0, 9, 0, 16
Суматре	0, 0, 0, 12
Суматры	0, 0, 0, 12
Сумма	0, 50, 0, 1
Сун	0, 1, 0, 15
Сунь	0, 1, 0, 15
Супруги	0, 13, 0, 1
Сура	0, 6, 0, 7
Суть	0, 48, 0, 1
Сухой	0, 14, 0, 2
Сухопутные	0, 11, 0, 2
Существование	0, 54, 0, 2
Существует	0, 682, 0, 4
Существуют	0, 381, 0, 3
Сущность	0, 21, 0, 2
Схема	0, 31, 0, 3
Съезд	0, 37, 0, 33
Съезда	0, 0, 0, 33
Съезде	0, 0, 0, 16
Съездом	0, 0, 0, 13
Сын	0, 129, 0, 17
Сына	0, 2, 0, 37
Сьерра	0, 2, 0, 29
Т	0, 209, 0, 393
ТАСС	0, 3, 0, 15
ТВ	0, 1, 0, 72
ТВК	0, 0, 0, 16
ТГК	0, 2, 0, 13
ТГУ	0, 2, 0, 13
ТМ	0, 0, 0, 112
ТМА	0, 0, 0, 29
ТНК	0, 5, 0, 17
ТРД	0, 2, 0, 13
ТРИЗ	0, 2, 0, 10
ТРЦ	0, 1, 0, 12
ТЭС	0, 1, 0, 15
ТЭЦ	0, 3, 0, 125
Та	0, 18, 0, 4
Таганрог	0, 5, 0, 12
Таганрога	0, 1, 0, 11
Таганроге	0, 1, 0, 10
Тагил	0, 0, 0, 14
Таджикистан	0, 5, 0, 16
Таджикистана	0, 0, 0, 29
Таджикской	0, 0, 0, 12
Таиланд	0, 9, 0, 14
Таиланда	0, 0, 0, 16
Таиланде	0, 0, 0, 13
Тайване	0, 0, 0, 12
Тайвань	0, 7, 0, 17
Тайваня	0, 0, 0, 13
Так	0, 2730, 0, 10
Такамори	0, 0, 0, 13
Такая	0, 248, 0, 2
Также	0, 2749, 0, 10
Таким	0, 1528, 0, 5
Такое	0, 250, 0, 4
Такой	0, 228, 0, 1
Таллин	0, 3, 0, 19
Таллина	0, 1, 0, 19
Таллине	0, 0, 0, 24
Талмуда	0, 0, 0, 25
Талмуде	0, 0, 0, 11
Таль	0, 11, 0, 25
Таля	0, 0, 0, 11
Тамара	0, 1, 0, 11
Тамбов	0, 6, 0, 17
Тамбове	0, 0, 0, 14
Тамбовской	0, 0, 0, 18
Тамерлана	0, 0, 0, 22
Тан	0, 2, 0, 32
Танаха	0, 0, 0, 16
Танзании	0, 0, 0, 24
Таня	0, 10, 0, 7
Тарава	0, 1, 0, 10
Тарантино	0, 14, 0, 53
Тарасюк	0, 2, 0, 11
Тарковский	0, 4, 0, 22
Тарковского	0, 3, 0, 23
Тарту	0, 6, 0, 27
Тасмания	0, 0, 0, 12
Татарстан	0, 5, 0, 49
Татарстана	0, 0, 0, 35
Татарстане	0, 0, 0, 14
Татищев	0, 10, 0, 4
Татищева	0, 8, 0, 4
Татьяна	0, 4, 0, 24
Татьяны	0, 0, 0, 13
Тацит	0, 10, 0, 5
Ташкент	0, 1, 0, 13
Ташкенте	0, 1, 0, 19
Тбилиси	0, 4, 0, 66
Твери	0, 2, 0, 44
Тверского	0, 0, 0, 14
Тверской	0, 3, 0, 62
Тверь	0, 12, 0, 20
Те	0, 65, 0, 16
Театр	0, 43, 0, 10
Театра	0, 0, 0, 17
Театре	0, 0, 0, 12
Тевтонский	0, 3, 0, 8
Тевтонского	0, 0, 0, 51
Тегеран	0, 20, 0, 30
Тегерана	0, 0, 0, 26
Тегеране	0, 0, 0, 22
Тейлор	0, 3, 0, 14
Тейлора	0, 1, 0, 19
Текст	0, 52, 0, 3
Тексты	0, 21, 0, 1
Тела	0, 14, 0, 5
Телевидение	0, 13, 0, 5
Телеком	0, 0, 0, 22
Тело	0, 67, 0, 7
Тель	0, 10, 0, 39
Тем	0, 1215, 0, 4
Темзы	0, 0, 0, 13
Темп	0, 10, 0, 1
Температура	0, 204, 0, 2
Тео	0, 4, 0, 8
Теодор	0, 3, 0, 31
Теодора	0, 1, 0, 20
Теодорих	0, 16, 0, 30
Теодориха	0, 1, 0, 17
Теорема	0, 49, 0, 3
Теории	0, 10, 0, 2
Теория	0, 107, 0, 1
Теперь	0, 170, 0, 4
Тереза	0, 3, 0, 9
Терек	0, 3, 0, 16
Терека	0, 0, 0, 11
Терешкова	0, 4, 0, 7
Термин	0, 294, 0, 2
Терминал	0, 32, 0, 2
Терри	0, 0, 0, 12
Территории	0, 19, 0, 2
Территорию	0, 25, 0, 2
Территория	0, 359, 0, 4
Терско	0, 0, 0, 11
Терского	0, 2, 0, 12
Терской	0, 0, 0, 12
Тесла	0, 9, 0, 50
Техас	0, 7, 0, 25
Техаса	0, 0, 0, 31
Техасе	0, 0, 0, 16
Технические	0, 15, 0, 2
Тиберия	0, 0, 0, 12
Тибета	0, 0, 0, 19
Тибете	0, 0, 0, 15
Тигипко	0, 13, 0, 45
Тигран	0, 24, 0, 20
Тиграна	0, 0, 0, 50
Тигранакерт	0, 2, 0, 13
Тим	0, 3, 0, 8
Тимор	0, 0, 0, 11
Тиморе	0, 0, 0, 11
Тимошенко	0, 29, 0, 138
Тимур	0, 20, 0, 30
Тимура	0, 0, 0, 49
Тип	0, 30, 0, 8
Тира	0, 0, 0, 13
Тирасполе	0, 0, 0, 13
Тирасполь	0, 8, 0, 9
Тирасполя	0, 2, 0, 22
Тит	0, 4, 0, 12
Титан	0, 17, 0, 11
Титана	0, 0, 0, 40
Тито	0, 2, 0, 11
Титов	0, 10, 0, 3
Титова	0, 5, 0, 6
Тифлисе	0, 0, 0, 16
Тихвин	0, 5, 0, 9
Тихий	0, 6, 0, 31
Тихим	0, 0, 0, 11
Тихого	0, 0, 0, 114
Тихом	0, 0, 0, 29
Тихомиров	0, 12, 0, 3
Тихон	0, 4, 0, 8
Тихонов	0, 11, 0, 16
Тихоокеанского	0, 0, 0, 21
Тихоокеанской	0, 0, 0, 15
Ткаченко	0, 6, 0, 8
То	0, 239, 0, 9
Тобаго	0, 2, 0, 46
Тобол	0, 3, 0, 10
Тобольск	0, 1, 0, 15
Тобольского	0, 1, 0, 12
Тобольской	0, 0, 0, 17
Тогда	0, 737, 0, 7
Того	0, 13, 0, 17
Токелау	0, 3, 0, 8
Токио	0, 13, 0, 85
Токугава	0, 1, 0, 42
Толедо	0, 0, 0, 13
Толкин	0, 13, 0, 22
Толкина	0, 6, 0, 22
Толля	0, 5, 0, 8
Толстого	0, 39, 0, 30
Толстой	0, 35, 0, 32
Только	0, 479, 0, 2
Тольятти	0, 8, 0, 60
Том	0, 15, 0, 19
Тома	0, 2, 0, 34
Томас	0, 18, 0, 43
Томаса	0, 0, 0, 37
Томасом	0, 4, 0, 23
Томи	0, 0, 0, 11
Томоми	0, 6, 0, 10
Томпсон	0, 4, 0, 10
Томск	0, 12, 0, 32
Томска	0, 12, 0, 49
Томская	0, 6, 0, 10
Томске	0, 1, 0, 42
Томский	0, 9, 0, 18
Томского	0, 0, 0, 22
Томской	0, 0, 0, 56
Томь	0, 1, 0, 16
Тонга	0, 5, 0, 71
Тонгатапу	0, 0, 0, 12
Тони	0, 6, 0, 28
Тора	0, 1, 0, 25
Торгово	0, 8, 0, 12
Торин	0, 5, 0, 7
Торонто	0, 10, 0, 26
Торы	0, 0, 0, 32
Тосимити	0, 0, 0, 12
Тот	0, 84, 0, 3
Тохтамыша	0, 0, 0, 12
Точка	0, 31, 0, 3
Традиции	0, 11, 0, 1
Традиционная	0, 32, 0, 1
Тракай	0, 2, 0, 9
Транспорт	0, 26, 0, 1
Транспортные	0, 10, 0, 2
Транссибирская	0, 3, 0, 10
Транссибирской	0, 0, 0, 31
Трасса	0, 15, 0, 1
Траян	0, 15, 0, 32
Траяна	0, 0, 0, 23
Третий	0, 83, 0, 7
Третье	0, 24, 0, 3
Третьего	0, 0, 0, 35
Третьей	0, 9, 0, 13
Третьим	0, 15, 0, 3
Третья	0, 61, 0, 2
Три	0, 154, 0, 6
Тридцатилетней	0, 0, 0, 16
Тринидад	0, 8, 0, 27
Тринидада	0, 0, 0, 19
Триполи	0, 5, 0, 28
Трое	0, 16, 0, 2
Троекуровском	0, 0, 0, 13
Троице	0, 1, 0, 24
Троицкий	0, 9, 0, 17
Троицкого	0, 1, 0, 12
Троицы	0, 8, 0, 29
Тропический	0, 13, 0, 1
Троцкий	0, 36, 0, 65
Троцким	0, 6, 0, 20
Троцкого	0, 16, 0, 73
Троцкому	0, 3, 0, 13
Троянской	0, 0, 0, 13
Трубецкого	0, 12, 0, 8
Трубецкой	0, 6, 0, 9
Труда	0, 0, 0, 44
Трудового	0, 0, 0, 29
Труды	0, 22, 0, 1
Ту	0, 3, 0, 34
Тувалу	0, 6, 0, 60
Туве	0, 1, 0, 10
Тувы	0, 0, 0, 11
Туда	0, 17, 0, 1
Тула	0, 12, 0, 13
Туле	0, 1, 0, 39
Тулу	0, 1, 0, 11
Тулы	0, 2, 0, 38
Тульский	0, 7, 0, 6
Тульской	0, 0, 0, 43
Тунгусского	0, 1, 0, 11
Тунис	0, 3, 0, 16
Туниса	0, 0, 0, 12
Тунисе	0, 0, 0, 18
Тур	0, 9, 0, 8
Тургенева	0, 11, 0, 4
Турецкая	0, 13, 0, 1
Турецкой	0, 0, 0, 13
Туркмении	0, 0, 0, 32
Туркменистан	0, 3, 0, 10
Туркменистана	0, 0, 0, 17
Турку	0, 4, 0, 37
Турцией	0, 1, 0, 53
Турции	0, 0, 0, 172
Турцию	0, 1, 0, 25
Турция	0, 18, 0, 36
Тухачевский	0, 11, 0, 13
Тухачевского	0, 11, 0, 12
Ты	0, 6, 0, 7
Тыва	0, 2, 0, 11
Тьмы	0, 0, 0, 12
Тьюринг	0, 14, 0, 27
Тьюринга	0, 2, 0, 73
Тэфэри	0, 2, 0, 15
Тюмени	0, 1, 0, 23
Тюменской	0, 0, 0, 42
Тюмень	0, 6, 0, 10
Тянь	0, 0, 0, 24
Тёсю	0, 0, 0, 11
У	0, 1444, 0, 82
УАПЦ	0, 5, 0, 21
УГКЦ	0, 2, 0, 20
УЕФА	0, 0, 0, 69
УК	0, 2, 0, 24
УКВ	0, 2, 0, 11
УНР	0, 1, 0, 20
УПА	0, 0, 0, 12
УПЦ	0, 1, 0, 79
УССР	0, 0, 0, 61
Уайльд	0, 7, 0, 23
Уайльда	0, 1, 0, 26
Уайт	0, 3, 0, 21
Уатт	0, 11, 0, 13
Уганды	0, 0, 0, 12
Углерод	0, 11, 0, 1
Уго	0, 1, 0, 20
Угол	0, 17, 0, 2
Удмуртии	0, 0, 0, 27
Удмуртской	0, 0, 0, 23
Уже	0, 682, 0, 1
Узбекистан	0, 1, 0, 20
Узбекистана	0, 0, 0, 28
Узбекистане	0, 0, 0, 15
Узел	0, 9, 0, 2
Узнав	0, 80, 0, 1
Уилсон	0, 1, 0, 13
Уильям	0, 18, 0, 69
Уильяма	0, 0, 0, 67
Уильямом	0, 0, 0, 37
Уильямс	0, 5, 0, 27
Указ	0, 21, 0, 25
Указанные	0, 15, 0, 1
Указом	0, 147, 0, 84
Указу	0, 0, 0, 12
Украина	0, 29, 0, 154
Украине	0, 0, 0, 300
Украиной	0, 0, 0, 42
Украинская	0, 14, 0, 15
Украинские	0, 10, 0, 4
Украинский	0, 17, 0, 25
Украинского	0, 0, 0, 49
Украинской	0, 0, 0, 123
Украину	0, 1, 0, 64
Украины	0, 0, 0, 1024
Улан	0, 10, 0, 33
Улица	0, 11, 0, 1
Улицы	0, 23, 0, 1
Ульрих	0, 3, 0, 13
Ульянов	0, 6, 0, 13
Ульянова	0, 9, 0, 11
Ульяновск	0, 7, 0, 8
Ульяновске	0, 1, 0, 12
Ульяновской	0, 1, 0, 28
Умберто	0, 3, 0, 13
Умер	0, 136, 0, 1
Универсиады	0, 0, 0, 12
Университет	0, 54, 0, 38
Университета	0, 0, 0, 71
Университете	0, 0, 0, 39
Унитарное	0, 14, 0, 1
Уолл	0, 1, 0, 11
Уоллес	0, 9, 0, 8
Уолтер	0, 0, 0, 14
Уорд	0, 2, 0, 10
Управление	0, 62, 0, 28
Управлением	0, 2, 0, 12
Управления	0, 1, 0, 40
Уравнение	0, 21, 0, 4
Урал	0, 6, 0, 55
Урала	0, 0, 0, 94
Урале	0, 0, 0, 52
Уралом	0, 0, 0, 19
Уральский	0, 1, 0, 13
Уральских	0, 0, 0, 21
Уральского	0, 0, 0, 25
Уральской	0, 0, 0, 23
Уран	0, 23, 0, 22
Урана	0, 0, 0, 79
Уровень	0, 218, 0, 5
Уругвая	0, 0, 0, 12
Урусов	0, 14, 0, 3
Условия	0, 24, 0, 1
Усолье	0, 4, 0, 7
Успения	0, 0, 0, 11
Успенский	0, 7, 0, 18
Успенского	0, 7, 0, 15
Успенском	0, 0, 0, 15
Устав	0, 22, 0, 27
Устава	0, 0, 0, 37
Устинов	0, 13, 0, 8
Устинова	0, 9, 0, 3
Усть	0, 11, 0, 88
Уфа	0, 11, 0, 30
Уфе	0, 0, 0, 36
Уфимской	0, 0, 0, 17
Уфу	0, 0, 0, 13
Уфы	0, 0, 0, 31
Участник	0, 60, 0, 1
Учебный	0, 12, 0, 1
Учение	0, 42, 0, 1
Учитель	0, 8, 0, 11
Учитывая	0, 65, 0, 1
Учредительного	0, 0, 0, 26
Учредительное	0, 1, 0, 16
Учреждение	0, 10, 0, 2
Учреждения	0, 10, 0, 2
Учёные	0, 64, 0, 1
Учёный	0, 42, 0, 1
Ушаков	0, 11, 0, 11
Ушакова	0, 12, 0, 14
Уэллс	0, 5, 0, 9
Уэльс	0, 3, 0, 12
Уэльса	0, 0, 0, 26
Уэльсе	0, 0, 0, 18
Уэсли	0, 2, 0, 16
Ф	0, 609, 0, 276
ФАТХ	0, 0, 0, 18
ФБР	0, 6, 0, 40
ФГУП	0, 3, 0, 20
ФИДЕ	0, 16, 0, 94
ФИФА	0, 2, 0, 25
ФК	0, 4, 0, 23
ФКП	0, 5, 0, 27
ФРГ	0, 5, 0, 87
ФРС	0, 2, 0, 9
ФСБ	0, 1, 0, 35
Фадеев	0, 8, 0, 12
Фадлан	0, 0, 0, 11
Файлы	0, 13, 0, 1
Фактически	0, 163, 0, 1
Фалес	0, 6, 0, 11
Фарадей	0, 7, 0, 6
Фарадея	0, 2, 0, 17
Фаренгейту	0, 0, 0, 20
Фарер	0, 0, 0, 18
Фарерские	0, 7, 0, 7
Фарерских	0, 0, 0, 11
Фатали	0, 1, 0, 15
Февральская	0, 13, 0, 4
Февральской	0, 0, 0, 67
Федеральная	0, 8, 0, 13
Федерального	0, 1, 0, 73
Федеральное	0, 8, 0, 18
Федеральной	0, 0, 0, 26
Федеральный	0, 22, 0, 24
Федеральным	0, 4, 0, 26
Федеративной	0, 0, 0, 32
Федерацией	0, 0, 0, 34
Федерации	0, 1, 0, 957
Федерацию	0, 0, 0, 23
Федерация	0, 11, 0, 63
Федор	0, 2, 0, 15
Фейнман	0, 5, 0, 15
Феликс	0, 2, 0, 15
Феликсович	0, 0, 0, 14
Феникс	0, 0, 0, 17
Феодосию	0, 0, 0, 14
Феодосия	0, 2, 0, 19
Фердинанд	0, 8, 0, 28
Фердинанда	0, 0, 0, 23
Ферма	0, 8, 0, 58
Ферми	0, 10, 0, 37
Фернандес	0, 0, 0, 12
Фернандо	0, 6, 0, 34
Фестиваль	0, 21, 0, 2
Фигаро	0, 0, 0, 11
Фидель	0, 6, 0, 6
Фиджи	0, 6, 0, 78
Фидо	0, 0, 0, 11
Фидонет	0, 1, 0, 12
Физика	0, 10, 0, 1
Физикелла	0, 7, 0, 4
Физико	0, 13, 0, 6
Филадельфии	0, 0, 0, 18
Филарет	0, 5, 0, 23
Филарета	0, 1, 0, 20
Филиал	0, 10, 0, 3
Филипп	0, 20, 0, 50
Филиппа	0, 1, 0, 69
Филиппин	0, 0, 0, 11
Филиппинах	0, 0, 0, 12
Филиппом	0, 0, 0, 25
Филонов	0, 14, 0, 3
Филонова	0, 8, 0, 6
Философ	0, 13, 0, 2
Фильмы	0, 19, 0, 1
Финляндией	0, 0, 0, 17
Финляндии	0, 0, 0, 179
Финляндию	0, 0, 0, 22
Финляндия	0, 9, 0, 43
Финляндского	0, 0, 0, 13
Финский	0, 12, 0, 7
Финского	0, 0, 0, 52
Финском	0, 0, 0, 13
Фирма	0, 12, 0, 3
Фихте	0, 9, 0, 27
Фичино	0, 8, 0, 6
Фишер	0, 23, 0, 52
Фишера	0, 3, 0, 30
Флаг	0, 98, 0, 4
Фландрии	0, 0, 0, 31
Флора	0, 33, 0, 13
Флоренский	0, 10, 0, 5
Флоренции	0, 0, 0, 30
Флоренцию	0, 0, 0, 13
Флорида	0, 1, 0, 18
Флот	0, 11, 0, 4
Флота	0, 0, 0, 19
Фома	0, 9, 0, 17
Фоменко	0, 18, 0, 17
Фомы	0, 8, 0, 24
Фонд	0, 36, 0, 10
Фонда	0, 0, 0, 45
Форма	0, 121, 0, 1
Формат	0, 40, 0, 1
Формирование	0, 55, 0, 1
Формула	0, 26, 0, 7
Формуле	0, 1, 0, 18
Формулу	0, 6, 0, 7
Формулы	0, 9, 0, 52
Форт	0, 12, 0, 16
Фортран	0, 5, 0, 11
Фортрана	0, 0, 0, 16
Фотия	0, 1, 0, 11
Фракии	0, 0, 0, 11
Франк	0, 10, 0, 12
Франка	0, 6, 0, 10
Франклин	0, 5, 0, 14
Франклина	0, 3, 0, 12
Франко	0, 14, 0, 47
Франкфурт	0, 17, 0, 12
Франкфурта	0, 0, 0, 17
Франкфурте	0, 0, 0, 30
Франс	0, 0, 0, 14
Франсиско	0, 1, 0, 21
Франсуа	0, 5, 0, 54
Франц	0, 10, 0, 38
Франца	0, 1, 0, 38
Францией	0, 0, 0, 82
Франции	0, 1, 0, 786
Франциск	0, 9, 0, 12
Франциска	0, 7, 0, 13
Францию	0, 1, 0, 79
Франция	0, 52, 0, 86
Французская	0, 20, 0, 6
Французский	0, 63, 0, 10
Французского	0, 0, 0, 20
Французское	0, 13, 0, 5
Французской	0, 1, 0, 71
Французскую	0, 0, 0, 13
Франческо	0, 1, 0, 12
Фредерик	0, 1, 0, 17
Фредерика	0, 1, 0, 15
Фрейда	0, 4, 0, 13
Фридман	0, 3, 0, 8
Фридмана	0, 2, 0, 9
Фридрих	0, 65, 0, 126
Фридриха	0, 1, 0, 100
Фридрихом	0, 0, 0, 29
Фридриху	0, 2, 0, 12
Фриц	0, 0, 0, 11
Фронт	0, 13, 0, 18
Фронта	0, 0, 0, 19
Фрунзе	0, 41, 0, 21
Фрэнк	0, 4, 0, 9
Фрэнка	0, 1, 0, 13
Фрэнсис	0, 4, 0, 13
Фу	0, 2, 0, 9
Фудзивара	0, 0, 0, 11
Фуко	0, 4, 0, 10
Функция	0, 53, 0, 2
Фурье	0, 11, 0, 76
Футбол	0, 13, 0, 1
Футбольная	0, 9, 0, 2
Футбольной	0, 0, 0, 15
Фёдор	0, 12, 0, 35
Фёдора	0, 0, 0, 37
Фёдоров	0, 24, 0, 32
Фёдорова	0, 9, 0, 12
Фёдорович	0, 0, 0, 59
Фёдоровича	0, 0, 0, 20
Фёдоровна	0, 0, 0, 23
Фёдоровны	0, 0, 0, 21
Фёдоровым	0, 6, 0, 5
Х	0, 87, 0, 84
ХIХ	0, 0, 0, 11
ХАМАС	0, 2, 0, 15
ХДС	0, 7, 0, 50
ХСС	0, 5, 0, 29
ХХ	0, 6, 0, 84
Ха	0, 1, 0, 15
Хабаровск	0, 5, 0, 14
Хабаровска	0, 2, 0, 17
Хабаровске	0, 1, 0, 22
Хабаровский	0, 3, 0, 12
Хабаровского	0, 0, 0, 24
Хабаровском	0, 0, 0, 11
Хаббл	0, 0, 0, 17
Хаббла	0, 1, 0, 12
Хагани	0, 6, 0, 31
Хаджи	0, 4, 0, 14
Хаджимба	0, 4, 0, 7
Хазарии	0, 0, 0, 19
Хайдеггер	0, 11, 0, 12
Хайдеггера	0, 2, 0, 13
Хайле	0, 6, 0, 28
Хакамада	0, 8, 0, 7
Хаксли	0, 6, 0, 11
Халифата	0, 0, 0, 21
Хамфри	0, 0, 0, 16
Хан	0, 13, 0, 26
Хана	0, 0, 0, 12
Ханс	0, 4, 0, 17
Ханты	0, 6, 0, 38
Хань	0, 14, 0, 16
Характерный	0, 10, 0, 1
Харальд	0, 4, 0, 11
Харви	0, 0, 0, 11
Харири	0, 4, 0, 9
Хармс	0, 4, 0, 7
Хармса	0, 1, 0, 11
Харон	0, 6, 0, 5
Харона	0, 0, 0, 13
Харрисон	0, 40, 0, 45
Харрисона	0, 2, 0, 62
Хартии	0, 0, 0, 65
Хартия	0, 9, 0, 6
Харьков	0, 4, 0, 13
Харькова	0, 0, 0, 22
Харькове	0, 0, 0, 30
Харьковский	0, 8, 0, 6
Харьковского	0, 1, 0, 16
Харьковской	0, 0, 0, 26
Хасан	0, 0, 0, 11
Хаусдорфа	0, 0, 0, 11
Хеллман	0, 7, 0, 12
Хельсинки	0, 4, 0, 57
Хемингуэй	0, 4, 0, 12
Хемингуэя	0, 2, 0, 10
Хеопса	0, 0, 0, 15
Херсонес	0, 7, 0, 12
Херсонской	0, 0, 0, 11
Хиггса	0, 0, 0, 22
Хилл	0, 1, 0, 14
Химическая	0, 31, 0, 3
Химический	0, 10, 0, 1
Хиробуми	0, 0, 0, 20
Хирохито	0, 5, 0, 8
Хичкок	0, 7, 0, 13
Хичкока	0, 0, 0, 12
Хлор	0, 9, 0, 3
Хмельницкого	0, 3, 0, 13
Хо	0, 2, 0, 16
Ход	0, 17, 0, 2
Ходорковский	0, 20, 0, 57
Ходорковского	0, 2, 0, 37
Ходорковскому	0, 2, 0, 14
Хоккайдо	0, 0, 0, 17
Хокусай	0, 2, 0, 9
Хокусая	0, 0, 0, 11
Холл	0, 1, 0, 17
Холла	0, 0, 0, 17
Холмс	0, 3, 0, 18
Холмса	0, 0, 0, 24
Холодной	0, 1, 0, 11
Холокоста	0, 0, 0, 11
Холстинин	0, 3, 0, 8
Хомейни	0, 1, 0, 10
Хомский	0, 11, 0, 7
Хорватии	0, 0, 0, 20
Хоренаци	0, 2, 0, 33
Хорошо	0, 68, 0, 1
Хортица	0, 3, 0, 8
Хорхе	0, 5, 0, 11
Хосе	0, 2, 0, 29
Хотя	0, 900, 0, 3
Храм	0, 56, 0, 29
Храма	0, 0, 0, 56
Хранение	0, 75, 0, 1
Христа	0, 0, 0, 209
Христе	0, 0, 0, 15
Христиан	0, 0, 0, 16
Христианская	0, 12, 0, 2
Христианско	0, 2, 0, 12
Христианство	0, 34, 0, 2
Христова	0, 0, 0, 35
Христом	0, 0, 0, 12
Христос	0, 3, 0, 62
Христофор	0, 2, 0, 16
Хрущёв	0, 17, 0, 13
Хрущёва	0, 23, 0, 25
Хуан	0, 5, 0, 33
Хуана	0, 0, 0, 15
Художественный	0, 10, 0, 4
Хун	0, 1, 0, 13
Хунну	0, 8, 0, 11
Хусейн	0, 4, 0, 58
Хусейна	0, 0, 0, 52
ЦИК	0, 1, 0, 68
ЦК	0, 6, 0, 390
ЦКБ	0, 0, 0, 11
ЦНС	0, 1, 0, 54
ЦПК	0, 0, 0, 19
ЦРУ	0, 7, 0, 56
ЦСКА	0, 2, 0, 41
ЦФО	0, 0, 0, 13
Царицын	0, 2, 0, 13
Царском	0, 0, 0, 13
Царства	0, 1, 0, 28
Царство	0, 7, 0, 13
Царь	0, 76, 0, 19
Царьград	0, 0, 0, 11
Царя	0, 1, 0, 15
Цвета	0, 12, 0, 3
Цветаева	0, 4, 0, 12
Цветаевой	0, 3, 0, 10
Цезарем	0, 0, 0, 25
Цезарь	0, 51, 0, 109
Цезарю	0, 3, 0, 20
Цезаря	0, 2, 0, 155
Цель	0, 68, 0, 1
Цельсия	0, 0, 0, 29
Цена	0, 33, 0, 1
Центавра	0, 0, 0, 26
Центр	0, 87, 0, 69
Центра	0, 1, 0, 66
Центральная	0, 93, 0, 28
Центрально	0, 4, 0, 22
Центрального	0, 0, 0, 113
Центральное	0, 16, 0, 7
Центральной	0, 14, 0, 230
Центральном	0, 0, 0, 41
Центральному	0, 0, 0, 11
Центральную	0, 10, 0, 19
Центральные	0, 15, 0, 4
Центральный	0, 70, 0, 53
Центральным	0, 10, 0, 19
Центральных	0, 0, 0, 16
Центре	0, 0, 0, 18
Центром	0, 55, 0, 8
Цены	0, 40, 0, 1
Церквей	0, 5, 0, 10
Церкви	0, 9, 0, 288
Церковь	0, 84, 0, 109
Церковью	0, 0, 0, 27
Цермело	0, 1, 0, 14
Цзы	0, 0, 0, 11
Ци	0, 1, 0, 10
Цин	0, 0, 0, 15
Циолковский	0, 29, 0, 31
Циолковского	0, 13, 0, 27
Цицерон	0, 17, 0, 12
Цицерона	0, 0, 0, 23
Цой	0, 9, 0, 18
Цоя	0, 2, 0, 22
Цузе	0, 8, 0, 26
Цхинвал	0, 0, 0, 13
Цхинвали	0, 1, 0, 15
Цюрих	0, 6, 0, 14
Цюрихе	0, 0, 0, 25
Ч	0, 16, 0, 22
ЧК	0, 0, 0, 12
ЧРИ	0, 0, 0, 16
Чаадаев	0, 9, 0, 8
Чавес	0, 3, 0, 9
Чад	0, 1, 0, 14
Чада	0, 0, 0, 15
Чаде	0, 0, 0, 11
Чайковский	0, 55, 0, 40
Чайковского	0, 31, 0, 45
Чайковском	0, 0, 0, 22
Чаки	0, 0, 0, 15
Чан	0, 7, 0, 15
Чарли	0, 2, 0, 19
Чарльз	0, 8, 0, 26
Чарльза	0, 0, 0, 24
Чарльзом	0, 1, 0, 15
Часовой	0, 11, 0, 2
Часто	0, 252, 0, 2
Частота	0, 42, 0, 1
Часть	0, 319, 0, 3
Чаще	0, 139, 0, 2
Че	0, 27, 0, 54
Чебоксары	0, 3, 0, 12
Чебышёв	0, 16, 0, 9
Чебышёва	0, 6, 0, 26
Челны	0, 0, 0, 13
Человек	0, 71, 0, 4
Челябинск	0, 22, 0, 21
Челябинска	0, 1, 0, 21
Челябинская	0, 10, 0, 5
Челябинске	0, 1, 0, 28
Челябинской	0, 0, 0, 30
Чемпион	0, 20, 0, 2
Чемпионат	0, 18, 0, 33
Чемпионата	0, 0, 0, 15
Чемпионов	0, 0, 0, 20
Чен	0, 0, 0, 12
Чердынь	0, 5, 0, 7
Череповец	0, 7, 0, 6
Черненко	0, 12, 0, 15
Чернигов	0, 1, 0, 20
Чернигова	0, 0, 0, 18
Черниговского	0, 0, 0, 13
Черниговской	0, 0, 0, 11
Чернобыльской	0, 0, 0, 12
Черногории	0, 0, 0, 45
Черногория	0, 2, 0, 9
Черноморский	0, 4, 0, 9
Черноморского	0, 0, 0, 31
Черномырдин	0, 9, 0, 9
Черномырдина	0, 30, 0, 12
Чернушинского	0, 0, 0, 13
Черняховского	0, 6, 0, 5
Черчилль	0, 7, 0, 12
Черчилля	0, 2, 0, 16
Четвёртая	0, 21, 0, 1
Четвёртый	0, 20, 0, 1
Четыре	0, 70, 0, 1
Чехии	0, 0, 0, 93
Чехия	0, 9, 0, 6
Чехов	0, 8, 0, 6
Чехова	0, 16, 0, 11
Чехословакии	0, 0, 0, 47
Чечено	0, 1, 0, 30
Чеченский	0, 4, 0, 7
Чеченской	0, 0, 0, 26
Чечне	0, 0, 0, 56
Чечни	0, 0, 0, 63
Чечню	0, 0, 0, 18
Чечня	0, 6, 0, 6
Чжан	0, 7, 0, 9
Чикаго	0, 8, 0, 47
Чикагского	0, 0, 0, 11
Чили	0, 3, 0, 58
Чилингаров	0, 8, 0, 3
Чингисхана	0, 0, 0, 14
Численность	0, 473, 0, 4
Чистый	0, 26, 0, 1
Чита	0, 8, 0, 9
Читинской	0, 0, 0, 11
Чкалова	0, 11, 0, 4
Члены	0, 96, 0, 1
Что	0, 179, 0, 1
Чтобы	0, 387, 0, 2
Чувашии	0, 0, 0, 21
Чувашский	0, 9, 0, 3
Чувашской	0, 0, 0, 32
Чуйков	0, 11, 0, 1
Чуковский	0, 11, 0, 5
Чуковского	0, 2, 0, 9
Чукотки	0, 0, 0, 11
Чукотского	0, 0, 0, 17
Чусовая	0, 3, 0, 14
Чусовой	0, 1, 0, 26
Чёрная	0, 9, 0, 6
Чёрного	0, 1, 0, 85
Чёрное	0, 4, 0, 14
Чёрной	0, 0, 0, 17
Чёрном	0, 0, 0, 28
Чёрный	0, 16, 0, 7
Чёрным	0, 2, 0, 10
Ш	0, 13, 0, 21
ШОС	0, 0, 0, 54
Шаг	0, 14, 0, 1
Шамиля	0, 0, 0, 13
Шанхае	0, 0, 0, 23
Шанхай	0, 14, 0, 15
Шанхайской	0, 0, 0, 11
Шанхая	0, 0, 0, 29
Шапошников	0, 10, 0, 5
Шар	0, 9, 0, 7
Шарапова	0, 1, 0, 12
Шарль	0, 7, 0, 16
Шарля	0, 0, 0, 12
Шарм	0, 5, 0, 7
Шарон	0, 4, 0, 13
Шах	0, 14, 0, 13
Шахты	0, 10, 0, 7
Шахунья	0, 1, 0, 10
Шварц	0, 4, 0, 10
Шварценеггер	0, 3, 0, 24
Шварценеггера	0, 0, 0, 11
Шварцшильда	0, 0, 0, 11
Шведская	0, 17, 0, 4
Шведский	0, 12, 0, 2
Шведской	0, 1, 0, 11
Швейцарией	0, 0, 0, 12
Швейцарии	0, 0, 0, 140
Швейцарию	0, 1, 0, 26
Швейцария	0, 25, 0, 11
Швецией	0, 0, 0, 61
Швеции	0, 0, 0, 177
Швецию	0, 0, 0, 23
Швеция	0, 18, 0, 30
Шеварднадзе	0, 9, 0, 45
Шевченко	0, 30, 0, 25
Шевчук	0, 6, 0, 34
Шевчука	0, 2, 0, 12
Шееле	0, 8, 0, 6
Шейх	0, 3, 0, 12
Шекспира	0, 2, 0, 24
Шеллинг	0, 8, 0, 15
Шеллинга	0, 0, 0, 26
Шеннон	0, 12, 0, 11
Шереметев	0, 7, 0, 6
Шереметьево	0, 0, 0, 23
Шерлока	0, 0, 0, 20
Шестидневной	0, 0, 0, 20
Шестой	0, 8, 0, 4
Шесть	0, 35, 0, 1
Ши	0, 0, 0, 12
Шиллера	0, 1, 0, 11
Ширак	0, 3, 0, 14
Ширака	0, 1, 0, 12
Ширван	0, 2, 0, 11
Ширвана	0, 0, 0, 21
Широкую	0, 26, 0, 1
Шкала	0, 16, 0, 1
Школа	0, 31, 0, 7
Школы	0, 12, 0, 6
Шлегель	0, 12, 0, 5
Шлегеля	0, 1, 0, 11
Шлезвиг	0, 3, 0, 20
Шлиман	0, 43, 0, 117
Шлимана	0, 8, 0, 64
Шмидт	0, 4, 0, 11
Шмидта	0, 4, 0, 10
Шопенгауэр	0, 4, 0, 17
Шопенгауэра	0, 1, 0, 14
Шостаковича	0, 8, 0, 3
Шотландии	0, 0, 0, 60
Шотландию	0, 0, 0, 15
Шотландия	0, 6, 0, 11
Шоу	0, 3, 0, 11
Шпеер	0, 2, 0, 10
Шри	0, 2, 0, 37
Шрёдер	0, 4, 0, 17
Шрёдера	0, 1, 0, 12
Штаб	0, 34, 0, 6
Штатам	0, 0, 0, 11
Штатах	0, 0, 0, 34
Штатов	0, 0, 0, 58
Штаты	0, 5, 0, 38
Штейн	0, 6, 0, 5
Штейнер	0, 12, 0, 16
Штейнера	0, 1, 0, 18
Штрауса	0, 8, 0, 6
Штурм	0, 9, 0, 2
Штутгарт	0, 6, 0, 10
Шувалова	0, 3, 0, 9
Шуйский	0, 8, 0, 3
Шуйского	0, 1, 0, 14
Шукшин	0, 3, 0, 11
Шукшина	0, 7, 0, 7
Шумахер	0, 5, 0, 20
Шухевич	0, 7, 0, 13
Шухевича	0, 0, 0, 12
Шухов	0, 17, 0, 6
Шухова	0, 10, 0, 5
Щит	0, 35, 0, 2
Щёлково	0, 3, 0, 8
Э	0, 184, 0, 194
ЭВМ	0, 3, 0, 69
ЭДС	0, 0, 0, 12
Эванса	0, 3, 0, 11
Эверест	0, 2, 0, 26
Эгейского	0, 0, 0, 13
Эдвард	0, 5, 0, 25
Эдварда	0, 1, 0, 13
Эдвардом	0, 1, 0, 12
Эдвин	0, 6, 0, 8
Эдгар	0, 0, 0, 12
Эдди	0, 2, 0, 11
Эдисон	0, 12, 0, 8
Эдисона	0, 3, 0, 17
Эдит	0, 5, 0, 10
Эдо	0, 0, 0, 38
Эдуард	0, 38, 0, 88
Эдуарда	0, 0, 0, 79
Эдуарду	0, 0, 0, 13
Эзопа	0, 0, 0, 16
Эйве	0, 28, 0, 59
Эйзенхауэр	0, 6, 0, 19
Эйзенхауэра	0, 1, 0, 23
Эйзенштейн	0, 6, 0, 6
Эйлер	0, 46, 0, 32
Эйлера	0, 7, 0, 79
Эйлером	0, 1, 0, 10
Эйлеру	0, 7, 0, 11
Эйнштейн	0, 33, 0, 66
Эйнштейна	0, 7, 0, 99
Эйнштейном	0, 6, 0, 16
Эйнштейну	0, 2, 0, 13
Эквадора	0, 0, 0, 14
Экваториальной	0, 0, 0, 14
Экипаж	0, 20, 0, 1
Экономика	0, 124, 0, 4
Экономическая	0, 33, 0, 3
Экономический	0, 30, 0, 4
Экс	0, 10, 0, 3
Эксперимент	0, 11, 0, 1
Эл	0, 0, 0, 37
Электроника	0, 7, 0, 13
Электронная	0, 14, 0, 1
Элемент	0, 26, 0, 8
Элизабет	0, 6, 0, 25
Элиста	0, 7, 0, 19
Эллен	0, 2, 0, 10
Эллис	0, 0, 0, 28
Эло	0, 0, 0, 18
Эль	0, 10, 0, 58
Эльбрус	0, 14, 0, 12
Эльбруса	0, 0, 0, 15
Эльбы	0, 0, 0, 27
Эмиграция	0, 13, 0, 3
Эмиль	0, 2, 0, 18
Эмир	0, 3, 0, 10
Эн	0, 1, 0, 16
Энгельс	0, 16, 0, 33
Энгельса	0, 5, 0, 15
Энди	0, 1, 0, 11
Эндрю	0, 2, 0, 28
Энергия	0, 44, 0, 1
Энн	0, 4, 0, 13
Энрике	0, 3, 0, 19
Энтони	0, 3, 0, 24
Энциклопедический	0, 11, 0, 3
Энциклопедия	0, 14, 0, 4
Эпикур	0, 2, 0, 9
Эпоха	0, 29, 0, 2
Эпстайн	0, 8, 0, 6
Эр	0, 2, 0, 12
Эрик	0, 9, 0, 24
Эрика	0, 0, 0, 21
Эрмитаж	0, 5, 0, 15
Эрмитажа	0, 0, 0, 36
Эрнест	0, 8, 0, 9
Эрнеста	0, 0, 0, 11
Эрнесто	0, 6, 0, 15
Эрнст	0, 5, 0, 30
Эрнста	0, 1, 0, 21
Эсперанто	0, 5, 0, 6
Эстляндской	0, 0, 0, 12
Эстонии	0, 1, 0, 215
Эстонию	0, 0, 0, 11
Эстония	0, 9, 0, 32
Эстонская	0, 7, 0, 8
Эстонский	0, 9, 0, 3
Эстонской	0, 0, 0, 34
Эта	0, 1095, 0, 6
Эти	0, 1151, 0, 2
Это	0, 3996, 0, 17
Этот	0, 1277, 0, 5
Эту	0, 136, 0, 3
Эфиопии	0, 1, 0, 66
Эфиопию	0, 0, 0, 15
Эфиопия	0, 4, 0, 14
Эшер	0, 7, 0, 16
Эшера	0, 2, 0, 10
Ю	0, 164, 0, 206
ЮАР	0, 8, 0, 80
ЮКОС	0, 1, 0, 19
ЮКОСа	0, 0, 0, 40
ЮНЕСКО	0, 14, 0, 120
Юань	0, 2, 0, 17
Юг	0, 7, 0, 14
Юга	0, 0, 0, 29
Юго	0, 30, 0, 157
Югославии	0, 1, 0, 67
Югославия	0, 1, 0, 21
Южная	0, 58, 0, 46
Южнее	0, 33, 0, 1
Южно	0, 11, 0, 66
Южного	0, 0, 0, 110
Южное	0, 10, 0, 6
Южной	0, 2, 0, 395
Южном	0, 0, 0, 77
Южному	0, 1, 0, 17
Южную	0, 6, 0, 49
Южные	0, 24, 0, 6
Южный	0, 27, 0, 84
Южным	0, 1, 0, 13
Юлиев	0, 0, 0, 16
Юлием	0, 0, 0, 14
Юлии	0, 2, 0, 44
Юлий	0, 16, 0, 32
Юлия	0, 10, 0, 56
Юм	0, 7, 0, 5
Юнайтед	0, 0, 0, 21
Юнг	0, 10, 0, 15
Юнга	0, 4, 0, 19
Юникод	0, 2, 0, 19
Юникода	0, 0, 0, 27
Юникоде	0, 0, 0, 20
Юпитер	0, 12, 0, 24
Юпитера	0, 0, 0, 117
Юрга	0, 1, 0, 10
Юрием	0, 0, 0, 33
Юрий	0, 49, 0, 120
Юрия	0, 0, 0, 75
Юрьев	0, 5, 0, 15
Юрьевич	0, 0, 0, 19
Юстиниана	0, 0, 0, 28
Юсуф	0, 2, 0, 13
Юсуфа	0, 0, 0, 12
Юта	0, 4, 0, 33
Юты	0, 0, 0, 19
Ющенко	0, 30, 0, 164
Я	0, 493, 0, 120
ЯМР	0, 3, 0, 12
Яблочков	0, 12, 0, 8
Яблочкова	0, 6, 0, 11
Является	0, 234, 0, 2
Ягайло	0, 8, 0, 26
Ядерные	0, 10, 0, 1
Язык	0, 140, 0, 1
Языки	0, 52, 0, 1
Як	0, 0, 0, 17
Якеменко	0, 1, 0, 11
Якоб	0, 5, 0, 19
Якоби	0, 9, 0, 8
Якобсон	0, 5, 0, 8
Яков	0, 1, 0, 18
Якова	0, 1, 0, 27
Яковлев	0, 11, 0, 11
Яковлева	0, 8, 0, 7
Яковлевич	0, 0, 0, 33
Якуб	0, 3, 0, 12
Якуба	0, 0, 0, 11
Якутии	0, 0, 0, 34
Якутск	0, 8, 0, 8
Якутска	0, 0, 0, 11
Ялта	0, 10, 0, 11
Ялте	0, 0, 0, 24
Ялтинской	0, 0, 0, 15
Ялты	0, 1, 0, 26
Ямайка	0, 5, 0, 10
Ямайке	0, 0, 0, 11
Ямайки	0, 0, 0, 20
Ямало	0, 1, 0, 16
Ямато	0, 1, 0, 11
Ян	0, 18, 0, 42
Яна	0, 2, 0, 22
Янг	0, 5, 0, 26
Янга	0, 0, 0, 14
Яндекс	0, 2, 0, 12
Яндекса	0, 0, 0, 12
Яном	0, 0, 0, 11
Янукович	0, 14, 0, 40
Януковича	0, 7, 0, 64
Янцзы	0, 0, 0, 13
Япета	0, 0, 0, 13
Японией	0, 0, 0, 49
Японии	0, 1, 0, 461
Японию	0, 0, 0, 35
Япония	0, 50, 0, 65
Японская	0, 17, 0, 1
Японские	0, 19, 0, 2
Японский	0, 21, 0, 2
Японского	0, 0, 0, 17
Японское	0, 14, 0, 2
Яр	0, 1, 0, 35
Ярким	0, 34, 0, 1
Ярослав	0, 4, 0, 22
Ярослава	0, 1, 0, 35
Ярославле	0, 0, 0, 31
Ярославль	0, 21, 0, 29
Ярославля	0, 2, 0, 34
Ярославская	0, 6, 0, 13
Ярославский	0, 4, 0, 14
Ярославского	0, 1, 0, 13
Ярославской	0, 0, 0, 55
Ясир	0, 3, 0, 10
Ясперс	0, 7, 0, 6
